486 341 527 
189 740 490 
388 989 489 
174 305 844 
971 492 998 
954 832 442 
619 
154 293 395 
439 735 738 
915 453 748 
550 871 932 
693 326 53 
904 732 835 
364 691 669 
157 719 282 
875 573 672 
790 58 
872 732 
557 
329 39 
213 844 
137 
951 284 
671 474 
906 
395 
22 133 418 
552 649 636 
109 974 775 
971 384 945 
335 961 472 
651 335 543 
135 85 
952 558 
147 
688 727 
940 991 
705 409 27 
774 951 92 
277 835 804 
103 
11 
171 
378 
679 590 36 
65 378 152 
958 746 980 
139 222 
26 349 
300 781 
394 960 
242 768 246 
607 429 971 
534 44 430 
901 624 781 
657 428 366 
652 558 570 
623 
606 
302 867 384 
32 601 46 
376 223 688 
290 739 
54 2 
966 
792 
468 732 
908 673 
825 424 
325 624 
524 324 
624 954 
621 
536 588 821 
334 231 20 
850 642 5 
199 506 97 
358 554 589 
344 513 456 
472 
601 
813 297 609 
819 38 185 
493 646 557 
45 204 
209 687 
198 835 911 
176 523 219 
637 297 76 
669 
891 894 
462 899 
868 
903 
333 
32 
561 505 920 
414 81 723 
603 513 25 
879 703 
415 799 
440 
596 207 
296 116 
646 781 
842 963 
157 747 207 
996 361 371 
721 447 566 
566 449 522 
176 79 740 
757 156 436 
23 704 
542 572 
886 962 
194 219 
437 
122 513 299 
468 760 133 
713 348 692 
276 318 380 
217 74 913 
819 834 966 
784 350 578 
670 11 482 
149 220 243 
164 541 
471 185 
57 681 319 
466 271 45 
181 540 750 
200 
479 
171 33 806 
915 976 399 
213 629 504 
324 850 
364 900 
180 
99 495 
326 526 
791 303 765 
671 210 999 
106 489 243 
807 104 
558 628 
926 35 
3 75 
35 
523 
748 45 501 
143 240 318 
78 908 207 
436 6 285 
200 236 864 
731 786 915 
293 563 141 
708 698 646 
48 128 603 
681 329 
389 489 
616 875 
510 20 
141 
803 106 
92 928 
762 203 
336 586 
56 781 172 
115 890 104 
595 491 607 
628 653 635 
960 449 549 
909 977 124 
741 275 206 
558 266 269 
209 125 36 
41 802 
418 573 
542 
939 
785 945 872 
681 843 931 
731 977 596 
21 489 
202 85 
306 773 
377 327 
114 
902 821 873 
475 451 7 
412 425 547 
733 848 
389 79 
842 500 
577 240 
367 
371 
295 
391 909 
36 647 
730 715 597 
66 448 154 
254 570 566 
319 885 
66 979 
764 661 989 
479 384 555 
966 610 486 
647 78 871 
680 951 226 
165 778 518 
196 481 
843 225 
628 966 221 
815 874 416 
302 724 206 
639 561 562 
995 187 731 
969 559 897 
428 
875 
156 
639 908 445 
711 754 462 
325 686 51 
876 93 
831 611 
947 
726 183 855 
61 515 714 
110 517 592 
161 373 
334 670 
67 270 
336 768 
613 290 194 
532 833 799 
629 322 4 
586 587 659 
474 571 156 
272 841 204 
84 
692 222 
17 850 
416 
673 
56 89 
86 805 
995 
871 637 504 
243 686 712 
366 20 194 
259 
568 627 934 
599 711 850 
242 751 231 
541 304 
434 120 
598 
974 882 
936 87 
741 564 697 
771 278 528 
999 318 960 
559 
534 347 
898 611 
154 
180 113 
599 793 
121 
531 612 996 
30 571 29 
565 373 91 
650 
490 55 686 
590 354 609 
93 243 760 
909 161 691 
957 856 452 
646 749 95 
804 
259 201 46 
863 655 236 
764 943 363 
791 949 
970 342 
437 47 376 
33 572 506 
603 525 982 
84 931 159 
228 970 98 
447 621 200 
437 
647 
395 124 
582 53 
171 
1 265 
659 960 
503 357 
37 133 
859 640 14 
670 191 710 
652 668 656 
364 
466 23 270 
256 460 320 
651 330 271 
136 330 
218 137 
230 102 
340 875 
180 393 280 
915 680 673 
936 917 565 
973 284 
667 705 
408 
835 389 882 
280 28 642 
995 34 967 
531 405 
718 339 
595 735 944 
57 417 493 
241 521 971 
500 517 295 
962 898 59 
715 985 291 
232 
823 
43 
318 111 956 
102 731 509 
799 389 845 
548 134 
681 128 
97 789 2 
151 986 718 
140 19 954 
725 385 
29 210 
208 77 
887 996 
345 
180 310 
201 846 
645 679 
601 313 
691 111 
127 262 
530 
872 
414 
823 
754 695 
117 709 
342 692 28 
674 736 71 
339 436 920 
142 965 778 
794 452 559 
811 281 328 
939 332 
505 14 
657 139 
836 89 
303 
27 182 56 
371 723 249 
499 726 137 
456 
747 734 3 
54 295 487 
257 450 946 
677 
515 218 470 
660 171 35 
148 411 51 
658 488 
609 838 
858 
615 
820 
469 896 
541 344 
771 
359 
450 917 
854 865 
255 454 942 
659 230 545 
951 590 163 
657 696 
793 384 
415 170 723 
973 210 589 
647 691 91 
533 476 631 
549 248 583 
906 474 577 
176 
562 487 331 
955 379 348 
948 921 757 
356 280 
406 644 
193 
969 155 
508 351 
354 626 693 
980 634 599 
301 93 162 
681 203 
886 850 
580 256 
655 204 
944 
943 310 
428 571 
593 233 
482 617 
76 176 910 
91 523 331 
715 583 605 
204 
386 58 
295 446 
433 805 
788 941 
187 417 511 
770 875 366 
917 284 465 
979 
149 573 
599 799 
226 
958 
755 484 14 
684 463 442 
918 772 973 
420 
241 
461 210 516 
324 959 951 
833 175 719 
710 
561 587 
6 451 
302 249 361 
379 612 975 
736 1 41 
230 143 
215 880 
934 329 493 
697 985 655 
542 693 691 
14 
791 
735 456 
887 708 
722 39 420 
551 518 193 
269 262 470 
524 859 
154 114 
178 204 
456 885 
493 
731 813 653 
498 993 853 
926 471 183 
796 703 379 
383 607 832 
240 32 212 
190 330 55 
342 211 70 
934 497 672 
657 261 221 
870 809 308 
745 619 477 
453 
739 
882 890 949 
883 267 773 
643 617 487 
90 
828 299 509 
455 372 108 
594 388 841 
344 75 937 
522 446 864 
773 737 830 
849 914 
15 336 
381 
816 615 262 
659 450 545 
216 268 501 
677 38 868 
190 117 832 
679 533 871 
662 
228 874 1 
723 924 798 
601 944 577 
501 900 
548 492 
500 
281 37 
562 850 
529 788 
548 572 
820 406 
224 563 
7 3 287 
74 214 622 
519 840 308 
589 592 171 
439 516 160 
453 937 82 
36 
219 484 
522 386 
211 
736 624 39 
790 68 903 
195 700 730 
478 
959 820 865 
407 476 636 
915 602 157 
208 
402 617 248 
521 24 679 
242 901 275 
790 118 
651 113 
926 
189 
84 605 
763 22 
106 998 681 
701 781 920 
796 581 97 
179 
959 522 179 
61 203 979 
931 755 657 
147 
609 
644 
880 
485 935 155 
724 101 825 
976 884 661 
237 
497 258 
191 972 
403 211 114 
69 93 516 
271 591 100 
155 
979 
171 
503 775 156 
337 879 237 
300 35 460 
384 551 
887 842 
239 190 
712 486 
545 
467 233 
656 299 
220 453 
694 495 
31 644 865 
283 789 380 
516 872 454 
468 
129 761 
837 314 
48 480 
963 152 
145 
776 
24 
263 929 646 
645 917 162 
246 752 709 
704 
816 
214 876 
390 722 
593 269 
480 303 
378 183 292 
702 129 662 
483 180 532 
115 
386 
917 
814 
63 993 330 
189 447 668 
305 224 605 
209 199 
185 400 
52 718 545 
803 140 3 
981 8 639 
643 688 
178 924 
110 147 415 
215 797 501 
219 433 731 
829 443 
92 319 
333 275 
396 458 
522 365 845 
103 458 160 
302 279 698 
338 343 
622 690 
776 52 
433 6 
555 69 410 
363 303 679 
185 107 601 
772 514 
226 511 
477 681 
764 127 
115 
252 968 
803 877 
660 
616 108 
97 883 
727 
255 244 
92 797 
563 
803 
272 680 964 
98 390 886 
728 862 706 
474 
76 833 
573 166 
850 913 
451 383 
908 984 
102 838 
234 
91 346 89 
68 525 748 
555 495 798 
889 359 84 
424 708 978 
687 146 612 
186 344 
416 242 
35 155 
467 781 
743 22 940 
537 258 45 
396 741 724 
304 339 
772 173 
309 663 
2 224 
816 680 690 
656 762 58 
62 4 50 
104 
830 751 257 
95 237 673 
883 774 501 
69 596 509 
351 280 345 
547 687 15 
735 301 963 
251 499 204 
613 979 983 
12 276 156 
511 224 63 
91 948 799 
805 
984 13 125 
819 592 672 
138 704 459 
549 611 233 
847 859 380 
572 50 294 
738 504 
612 633 
209 716 791 
384 331 386 
729 569 439 
629 
758 
844 181 
39 64 
747 
902 
667 
740 
340 145 313 
371 178 629 
628 248 99 
14 333 
763 252 
160 865 992 
475 824 625 
756 510 366 
164 
242 
248 
764 
952 
304 
741 
88 
193 
411 134 
748 463 
792 
302 
867 
143 750 47 
152 598 748 
106 577 818 
923 802 
436 139 
890 913 206 
103 728 817 
497 72 355 
307 997 
96 595 
803 
243 908 57 
81 692 929 
33 201 498 
146 
13 105 663 
545 649 24 
842 738 862 
594 
987 
25 970 859 
258 357 705 
716 523 167 
355 907 
662 432 
839 
176 944 
156 430 
394 287 217 
732 888 666 
743 228 589 
45 607 
819 274 
458 894 203 
553 77 569 
533 647 109 
244 
79 
572 
468 993 465 
415 543 992 
846 983 567 
527 53 
622 830 
934 458 
332 279 
413 
777 667 593 
319 972 91 
589 260 359 
501 114 755 
251 733 296 
631 10 369 
282 67 355 
668 480 328 
716 10 13 
427 912 
142 27 
759 217 
723 212 
47 
965 849 
477 362 
945 
736 
411 
532 
736 
81 160 
533 584 
169 734 
247 855 
133 90 390 
572 802 489 
761 754 519 
413 509 
111 380 
82 57 537 
120 565 860 
860 40 248 
502 657 609 
493 644 906 
198 226 630 
825 212 
667 874 
664 
291 440 790 
42 283 867 
699 917 921 
894 712 
279 761 
400 939 645 
98 6 160 
42 650 604 
649 192 
884 414 
454 711 
509 637 
103 262 466 
664 857 661 
65 917 653 
7 
236 
299 682 
330 19 
442 899 734 
647 732 572 
888 685 682 
407 684 798 
621 857 227 
499 311 280 
430 176 
612 814 
292 28 
517 5 
711 531 464 
131 206 548 
847 484 634 
764 126 
948 492 
587 512 625 
181 754 549 
678 559 498 
942 
777 
772 449 
288 95 
404 
772 404 
579 301 
210 
168 
694 
708 693 660 
506 990 264 
883 659 161 
670 906 
624 475 
624 144 445 
733 173 884 
439 395 991 
405 721 
896 984 
252 703 823 
690 59 502 
944 842 834 
433 767 
606 610 
203 507 
164 607 
837 
459 
822 374 
993 27 
506 
439 
583 
421 
17 
131 196 104 
107 414 282 
705 760 393 
528 
893 451 
569 876 
916 443 
653 910 
894 950 
287 292 
799 827 869 
523 940 798 
160 279 698 
351 23 
740 320 
598 377 
73 113 
178 
827 737 587 
717 51 4 
915 170 719 
559 76 
957 123 
140 
884 850 648 
398 217 665 
287 676 884 
787 483 250 
924 546 638 
223 301 132 
403 88 
401 190 
506 
160 740 458 
674 679 597 
731 8 728 
891 19 467 
121 685 41 
153 517 8 
947 290 822 
66 668 686 
688 120 887 
900 290 
625 922 
947 842 720 
633 549 972 
787 701 466 
266 841 461 
233 810 241 
335 287 152 
54 183 
869 662 
921 893 930 
113 430 48 
208 129 422 
773 
688 798 705 
805 844 902 
622 104 762 
563 17 109 
51 637 455 
620 398 279 
127 940 506 
95 373 112 
441 613 830 
293 999 356 
559 834 637 
500 841 801 
103 
838 
990 449 
815 656 
338 
960 64 528 
863 726 781 
540 707 819 
153 
278 184 652 
348 588 189 
114 77 596 
436 
791 38 440 
971 268 757 
384 151 513 
602 
125 504 
983 457 
31 443 870 
82 101 481 
428 709 557 
273 679 291 
550 533 772 
475 536 762 
920 454 
971 421 
533 492 
431 517 
469 404 
277 431 
57 365 477 
183 675 977 
526 538 251 
773 
786 659 
478 765 
531 291 169 
571 730 119 
261 412 719 
43 
68 
402 478 158 
497 845 788 
946 657 745 
802 
339 337 67 
32 486 241 
732 862 37 
287 978 
807 659 
67 
340 643 135 
336 641 186 
819 973 174 
708 695 799 
14 225 122 
559 502 386 
895 793 362 
397 281 446 
160 591 589 
959 912 329 
170 432 129 
471 79 351 
983 344 
638 309 
836 151 468 
9 493 358 
527 387 309 
194 
320 
597 
942 889 
36 485 
987 
515 596 823 
885 393 391 
431 236 175 
583 319 
868 691 
481 277 
797 245 
50 142 597 
339 690 407 
54 179 601 
553 
345 816 
391 10 
626 494 651 
774 397 637 
737 946 278 
624 148 501 
739 307 418 
870 470 851 
837 879 869 
297 187 307 
67 360 147 
482 439 570 
264 451 711 
383 46 712 
355 294 883 
211 991 185 
539 885 991 
895 545 
484 814 
818 274 652 
523 582 320 
161 86 154 
596 
715 483 974 
159 106 950 
180 515 104 
698 839 516 
314 258 558 
614 322 732 
634 815 
815 776 
191 
127 
299 
229 540 
834 208 
728 19 932 
700 684 230 
25 780 396 
939 
790 651 
534 962 
129 648 269 
864 143 605 
841 343 153 
429 565 
498 158 
447 
317 541 639 
940 930 58 
242 228 766 
266 
343 806 555 
454 32 566 
696 280 460 
646 
943 59 994 
863 263 541 
794 809 323 
78 762 12 
489 590 263 
586 191 456 
309 307 124 
356 64 364 
76 36 70 
81 750 821 
643 857 442 
384 715 926 
365 641 336 
90 883 622 
5 588 667 
605 865 406 
139 316 725 
875 478 354 
964 420 223 
513 931 429 
8 673 808 
628 853 
284 733 
42 790 
727 274 
708 508 178 
862 834 305 
927 979 19 
899 349 
300 51 
940 883 991 
925 319 646 
878 504 557 
352 
262 
201 611 971 
30 887 66 
527 618 531 
258 269 
948 912 
458 195 
258 752 
230 
466 238 
123 586 
636 28 158 
719 606 561 
256 873 778 
985 710 406 
71 307 827 
231 165 617 
642 833 
28 397 
366 
327 342 52 
335 643 476 
415 348 108 
854 
554 924 
297 479 
874 
991 877 
332 417 
928 485 
475 259 
652 
242 841 947 
704 429 607 
2 94 210 
105 52 144 
547 865 24 
912 654 720 
123 
424 947 
911 650 
952 53 
998 759 
915 
665 647 378 
49 579 368 
827 78 908 
589 913 422 
305 79 740 
269 755 22 
185 723 872 
111 191 423 
935 874 328 
927 203 332 
967 112 770 
798 668 313 
731 
946 635 
241 602 
995 
163 32 
701 516 
865 539 
841 372 
221 315 
943 705 
611 280 
590 301 
150 400 
425 192 
177 26 393 
301 697 894 
898 16 124 
946 507 
838 295 
805 992 311 
905 502 104 
551 788 324 
94 248 
892 850 
931 266 
470 515 
112 
238 952 117 
291 381 428 
274 162 657 
257 147 741 
907 725 200 
168 376 364 
126 582 100 
848 602 420 
515 839 666 
872 768 749 
257 593 954 
727 539 805 
633 222 385 
941 234 556 
113 301 488 
988 433 
502 769 
806 439 150 
117 324 962 
136 143 542 
862 296 
559 990 
95 685 753 
428 771 31 
436 710 88 
723 
513 158 850 
324 958 556 
58 839 915 
613 34 
609 123 
641 2 974 
562 282 259 
154 77 437 
688 
52 
255 
693 976 786 
724 984 444 
961 479 33 
514 354 196 
683 78 27 
894 412 694 
395 
516 582 505 
279 16 782 
290 521 241 
342 941 827 
1 717 463 
305 246 496 
823 643 
645 701 
367 146 155 
39 617 896 
707 869 977 
990 
644 760 
450 696 
734 
612 286 
712 648 
28 
826 850 
665 626 
696 777 
145 581 
907 
650 
94 365 
743 12 
820 
851 
932 463 498 
105 185 154 
80 417 834 
359 931 
11 936 
533 
368 606 
319 900 
469 86 
593 744 
885 853 354 
360 443 825 
773 68 512 
59 803 534 
171 613 938 
874 495 252 
234 508 
516 194 
85 661 
634 39 
728 
931 869 151 
100 44 923 
293 527 687 
769 
422 899 951 
3 855 800 
305 227 605 
354 136 
694 17 
33 
226 
992 717 501 
400 776 349 
964 211 711 
391 413 57 
251 516 507 
788 158 673 
517 
280 133 
275 863 
214 687 
170 217 
862 889 8 
926 319 971 
709 243 275 
422 248 430 
115 937 323 
361 591 285 
848 886 
334 828 
168 
603 45 
337 155 
209 219 
674 878 
650 945 
828 300 
980 651 
441 32 
572 
691 632 
728 385 
356 343 
654 523 
148 
438 498 
920 533 
207 129 
240 48 
529 496 
595 33 
773 345 393 
147 841 517 
335 595 519 
872 304 
307 369 
16 188 781 
525 584 762 
65 742 677 
551 566 
437 393 
566 911 139 
324 988 71 
801 252 241 
469 655 831 
862 388 473 
881 701 994 
143 
245 751 37 
47 997 272 
847 965 550 
597 
273 364 312 
888 53 207 
21 296 673 
208 494 
266 724 
19 
639 82 537 
159 534 674 
285 79 650 
53 148 10 
166 933 335 
183 206 669 
416 371 27 
999 351 800 
803 335 538 
912 214 794 
698 565 306 
809 866 368 
47 391 764 
994 738 537 
57 111 823 
610 801 
639 212 
140 395 
435 115 
457 
650 199 66 
771 598 910 
301 644 193 
350 900 889 
721 864 401 
655 210 857 
831 152 760 
690 632 611 
261 161 881 
347 
821 922 
584 508 
223 455 267 
982 551 972 
709 542 187 
273 182 469 
776 519 977 
97 389 179 
554 
51 
218 597 
281 748 
208 139 
334 721 
619 87 
416 652 
361 472 
944 93 
348 600 
629 220 
661 
659 137 886 
6 11 901 
125 322 69 
917 917 
977 505 
210 579 213 
851 200 711 
884 130 225 
732 
100 55 145 
635 792 887 
149 571 149 
726 
193 352 
328 820 
107 699 236 
971 658 346 
160 130 680 
575 
956 931 
263 924 
501 895 786 
99 209 728 
431 105 236 
995 291 535 
947 674 6 
458 11 463 
643 87 
657 86 
810 
846 681 565 
324 503 955 
752 923 479 
435 225 
695 800 
857 
569 254 486 
481 755 358 
670 196 159 
468 
535 686 
322 215 
298 538 
735 695 
301 339 259 
489 332 877 
215 494 532 
204 823 
920 867 
276 200 
477 372 
876 
31 
855 
701 
38 990 535 
317 40 315 
209 18 176 
699 
397 36 37 
460 757 422 
394 484 86 
787 390 
817 523 
1 
729 966 755 
914 189 113 
669 88 767 
270 5 643 
696 939 254 
819 93 298 
528 413 
33 987 
134 226 253 
709 593 571 
575 260 373 
686 379 92 
306 415 984 
541 621 893 
677 149 
530 793 
391 288 293 
724 92 988 
525 566 519 
475 201 446 
218 639 383 
87 697 927 
362 
176 
772 
715 538 661 
279 203 83 
322 867 550 
160 
971 
333 582 786 
493 705 992 
171 81 731 
732 434 
98 717 
783 547 276 
650 596 517 
977 15 189 
222 656 
854 458 
295 
457 324 531 
404 351 91 
485 176 944 
613 449 
495 160 
616 497 243 
409 398 883 
329 519 858 
857 897 
550 133 
617 487 403 
460 125 289 
112 128 536 
721 570 
515 768 
618 984 
371 897 
871 
52 
336 438 
30 106 
892 457 
738 586 
407 874 
306 330 
542 
728 
68 110 
183 44 
685 313 748 
1 238 533 
235 325 606 
426 
735 881 
828 568 
145 
680 
336 
200 494 
332 366 
991 104 988 
386 292 734 
773 415 436 
177 499 798 
246 642 883 
723 145 968 
89 124 
770 615 
139 
191 536 224 
46 346 482 
172 186 165 
752 
510 317 602 
542 984 704 
95 210 402 
332 
869 
566 
839 644 195 
444 829 185 
641 914 537 
648 442 693 
389 708 876 
960 856 165 
12 641 296 
385 103 354 
919 68 682 
626 549 142 
470 986 877 
57 420 45 
213 794 422 
696 567 778 
768 429 867 
463 831 32 
451 122 749 
445 937 809 
73 
84 991 534 
654 222 423 
38 747 318 
940 82 9 
204 9 267 
923 907 153 
817 
920 
271 10 
307 335 
630 
685 
744 
287 
480 
995 
470 
310 544 352 
465 716 193 
662 168 677 
929 583 486 
666 596 995 
629 221 818 
851 231 
720 556 
175 779 645 
320 744 134 
551 423 992 
605 713 
615 569 
123 
374 
22 654 867 
641 629 870 
733 181 156 
157 
879 832 773 
926 401 792 
132 94 693 
330 126 168 
59 428 306 
587 989 661 
250 608 504 
800 468 475 
171 474 770 
218 
642 
840 71 
243 502 
613 515 9 
555 349 117 
615 763 654 
66 533 
408 38 
910 
3 661 
254 64 
745 390 
794 61 
484 569 
176 85 
200 209 
228 607 
322 
424 379 
402 571 
687 
33 621 
203 817 
629 
251 746 
287 171 
291 332 
735 453 
592 
220 265 
897 713 
755 
553 782 
776 818 
590 
91 284 818 
607 868 398 
289 898 844 
645 
338 911 
658 34 
475 919 
7 360 
367 848 
956 479 
376 337 80 
114 621 302 
150 41 343 
134 982 
180 527 
616 
580 859 
93 146 
76 
967 854 
768 554 
351 
395 
454 721 117 
274 558 83 
440 813 53 
130 795 
920 209 
342 
772 588 422 
137 366 91 
287 365 798 
437 324 704 
406 261 734 
59 293 457 
986 102 
970 367 
654 
740 
957 605 114 
65 498 798 
901 965 129 
402 
765 
949 528 
748 861 
615 857 316 
67 792 233 
590 484 96 
170 622 
955 483 
385 774 
705 33 
318 
476 199 
221 685 
627 949 
223 284 
545 
224 554 
656 166 
800 
355 862 
929 246 
756 
968 611 113 
29 290 259 
748 316 429 
551 285 394 
556 350 87 
226 852 577 
360 
645 
602 404 
555 749 
363 484 
31 536 
647 5 
775 270 
637 957 139 
765 571 309 
601 104 378 
741 
431 
397 756 47 
914 774 177 
495 746 421 
336 
768 
473 
860 41 772 
776 118 983 
460 371 133 
337 674 739 
944 608 131 
585 884 993 
15 83 304 
105 702 929 
127 878 653 
453 
604 14 857 
881 240 971 
454 679 54 
278 122 90 
677 277 683 
159 929 180 
800 
439 542 770 
37 880 958 
309 64 688 
196 613 150 
95 39 921 
577 357 392 
444 880 558 
698 544 648 
874 818 825 
728 86 
88 497 
834 
223 164 824 
846 390 456 
178 835 463 
250 980 
554 298 
399 653 
38 132 
529 415 499 
678 83 523 
217 563 631 
81 14 
285 773 
323 
929 270 
424 55 
596 137 
46 848 
635 
746 923 926 
259 189 152 
810 785 34 
902 630 218 
157 775 786 
616 950 237 
887 481 748 
969 340 830 
249 430 446 
168 174 826 
47 280 392 
729 175 419 
232 208 
667 207 
272 64 592 
99 663 830 
427 726 223 
127 312 43 
41 533 216 
835 936 51 
700 
109 95 794 
25 437 817 
651 748 897 
455 781 792 
951 214 873 
972 963 933 
674 518 949 
363 603 411 
700 810 202 
507 740 
815 867 
876 
215 357 156 
465 662 366 
557 902 826 
261 197 647 
79 366 781 
642 93 990 
808 378 377 
55 191 513 
237 742 756 
945 
371 878 
428 695 
487 344 
260 107 
12 441 
748 143 
646 
838 
167 908 168 
153 461 878 
394 775 346 
671 
812 161 996 
628 600 20 
523 820 234 
572 
472 
842 
289 422 
179 687 
739 785 380 
298 924 45 
466 305 935 
50 
582 313 543 
618 190 10 
789 411 822 
699 
306 915 
662 356 
130 533 
18 852 
24 69 
821 790 
926 68 308 
253 265 160 
59 687 809 
500 779 
407 841 
301 
727 525 814 
718 638 333 
833 738 324 
973 501 
186 977 
542 798 
854 12 
541 
296 
383 980 45 
663 435 246 
191 156 699 
81 873 
429 56 
250 156 189 
248 547 160 
380 978 706 
680 723 
805 699 
133 887 211 
456 562 643 
408 853 12 
414 933 
20 142 
590 
373 474 
223 985 
13 
834 398 108 
611 910 671 
535 534 486 
934 958 835 
39 88 681 
735 293 193 
716 869 
956 851 
159 733 459 
852 16 933 
244 49 626 
298 420 205 
871 985 568 
628 271 346 
562 
365 254 186 
482 475 579 
229 939 782 
282 308 
369 240 
44 
77 420 828 
815 423 888 
655 786 916 
858 700 
90 557 
966 
344 
695 945 15 
44 947 963 
242 499 446 
194 182 867 
699 235 641 
666 816 432 
915 
827 662 330 
501 186 550 
570 877 735 
957 473 250 
203 541 181 
761 935 210 

